n: 110	C:0.1
w:0.9685925425946093
m:0.9685534591194969
[[179   7]
 [  8 283]]

n: 120	C:1
w:0.9895166942595217
m:0.989517819706499
[[183   3]
 [  2 289]]

n: 130	C:0.1
w:0.9769703232330963
m:0.9769392033542977
[[181   5]
 [  6 285]]

n: 140	C:0.1
w:0.9832285115303984
m:0.9832285115303984
[[182   4]
 [  4 287]]

